------CAMERA------
Eye: (-3, 4.9, 3)
Center: (-2.8, 4.6, 2)
XVector: (0.49029, -0, 0.0980581)
YVector: (0.0155664, 0.269817, -0.0778319)
------------------

-3 3 -0.814868 3.41487 -10.3413 -7.65868
Time: 19139 s
